NumVertices 150
NumElements 258
NumUnknownsPerElement 3
NumDimensions 2
ElementData
12 2 56
19 4 62
11 1 61
51 7 148
27 6 60
13 12 88
14 13 140
32 0 54
0 8 54
54 8 99
8 9 99
89 54 99
99 9 133
1 16 61
31 3 58
23 5 59
61 16 97
16 17 97
4 20 53
15 14 102
53 20 96
85 10 110
33 32 89
20 21 96
41 40 107
59 24 95
96 21 111
3 15 58
6 28 52
5 24 59
24 25 95
95 25 116
58 15 102
34 33 138
52 28 104
55 36 148
37 36 109
38 37 141
28 29 104
44 7 51
39 38 103
75 38 108
35 34 100
60 39 103
60 6 146
7 35 57
111 21 145
62 4 149
42 41 142
62 40 94
51 36 101
36 37 101
92 51 101
102 14 112
46 45 139
47 46 93
126 42 142
57 35 100
40 41 94
81 18 105
45 44 92
93 46 114
101 37 132
38 39 108
129 38 141
43 42 98
100 34 115
10 11 110
98 42 126
36 51 148
2 47 56
56 47 93
94 41 113
57 43 147
104 29 134
80 30 106
87 59 95
116 25 143
103 38 129
52 39 146
97 17 131
18 19 105
113 41 144
53 40 149
83 64 114
30 31 106
79 63 112
119 48 135
26 27 90
40 53 107
76 69 115
19 62 105
11 61 110
125 50 128
22 23 87
82 49 130
42 43 91
76 50 125
55 43 98
86 68 130
120 49 136
78 65 124
81 66 128
118 50 137
39 52 108
83 48 127
79 64 127
80 63 123
104 73 108
108 73 135
118 81 128
32 54 89
36 55 109
109 70 136
96 65 107
82 71 121
63 79 123
12 56 88
31 58 106
83 74 122
94 66 105
110 67 137
120 78 124
27 60 90
44 51 92
123 79 127
43 57 91
84 69 125
97 67 110
76 72 117
23 59 87
68 82 130
82 68 116
68 86 87
88 56 93
64 79 88
9 10 133
72 76 89
90 60 103
71 82 90
91 57 100
69 84 91
37 38 132
74 83 92
114 46 139
64 88 93
84 66 113
41 42 144
25 26 143
68 87 95
86 65 111
21 22 145
17 18 131
81 67 131
98 70 109
120 70 126
85 72 133
72 89 99
115 34 138
69 91 100
75 74 132
74 92 101
102 63 106
112 14 140
121 71 129
71 90 103
29 30 134
80 73 134
66 81 105
62 94 105
63 80 106
58 102 106
65 78 107
53 96 107
122 75 135
52 104 108
121 77 136
55 98 109
117 85 137
61 97 110
87 86 145
65 96 111
88 79 140
63 102 112
91 84 144
66 94 113
92 83 139
64 93 114
89 76 138
69 100 115
90 82 143
68 95 116
50 76 117
72 85 117
67 81 118
85 110 137
74 75 122
73 80 119
109 77 141
107 78 142
49 82 121
77 109 136
48 83 122
75 108 135
119 80 123
48 119 123
65 86 124
49 120 124
69 76 125
66 84 128
70 98 126
78 120 126
64 83 127
48 123 127
50 118 128
84 125 128
71 103 129
77 121 129
124 86 130
49 124 130
18 81 131
67 97 131
38 75 132
74 101 132
10 85 133
72 99 133
30 80 134
73 104 134
73 119 135
48 122 135
70 120 136
49 121 136
50 117 137
67 118 137
33 89 138
76 115 138
45 92 139
83 114 139
13 88 140
79 112 140
37 109 141
77 129 141
41 107 142
78 126 142
26 90 143
82 116 143
42 91 144
84 113 144
22 87 145
86 111 145
6 52 146
39 60 146
43 55 147
7 57 147
147 55 148
7 147 148
4 53 149
40 62 149
EndElementData
VertexData
-1.000000e+00 0.000000e+00
-1.000000e+00 -1.000000e+00
0.000000e+00 1.000000e+00
1.000000e+00 1.000000e+00
0.000000e+00 -1.000000e+00
1.000000e+00 -1.000000e+00
1.000000e+00 0.000000e+00
0.000000e+00 0.000000e+00
-1.000000e+00 -2.000000e-01
-1.000000e+00 -4.000000e-01
-1.000000e+00 -6.000000e-01
-1.000000e+00 -8.000000e-01
2.000000e-01 1.000000e+00
4.000000e-01 1.000000e+00
6.000000e-01 1.000000e+00
8.000000e-01 1.000000e+00
-8.000000e-01 -1.000000e+00
-6.000000e-01 -1.000000e+00
-4.000000e-01 -1.000000e+00
-2.000000e-01 -1.000000e+00
2.000000e-01 -1.000000e+00
4.000000e-01 -1.000000e+00
6.000000e-01 -1.000000e+00
8.000000e-01 -1.000000e+00
1.000000e+00 -8.000000e-01
1.000000e+00 -6.000000e-01
1.000000e+00 -4.000000e-01
1.000000e+00 -2.000000e-01
1.000000e+00 2.000000e-01
1.000000e+00 4.000000e-01
1.000000e+00 6.000000e-01
1.000000e+00 8.000000e-01
-8.000000e-01 0.000000e+00
-6.000000e-01 0.000000e+00
-4.000000e-01 0.000000e+00
-2.000000e-01 0.000000e+00
2.000000e-01 0.000000e+00
4.000000e-01 0.000000e+00
6.000000e-01 0.000000e+00
8.000000e-01 0.000000e+00
0.000000e+00 -8.000000e-01
0.000000e+00 -6.000000e-01
0.000000e+00 -4.000000e-01
0.000000e+00 -2.000000e-01
0.000000e+00 2.000000e-01
0.000000e+00 4.000000e-01
0.000000e+00 6.000000e-01
0.000000e+00 8.000000e-01
5.058269e-01 4.611323e-01
4.984517e-01 -4.470043e-01
-5.371078e-01 -5.049737e-01
1.263795e-01 1.024345e-01
8.810404e-01 1.130624e-01
1.043423e-01 -8.772214e-01
-8.751691e-01 -1.320756e-01
1.275550e-01 -1.247224e-01
1.322503e-01 8.719109e-01
-1.050432e-01 -1.263299e-01
8.727351e-01 8.796876e-01
8.684093e-01 -8.714531e-01
8.778186e-01 -1.055446e-01
-8.622246e-01 -8.768279e-01
-9.845302e-02 -8.773240e-01
6.619091e-01 7.181318e-01
3.136013e-01 6.488489e-01
3.412975e-01 -7.113519e-01
-2.785675e-01 -6.611479e-01
-6.145983e-01 -7.420115e-01
6.908039e-01 -6.461023e-01
-3.480913e-01 -3.124166e-01
2.823931e-01 -3.285099e-01
6.797874e-01 -2.754321e-01
-7.405203e-01 -3.678411e-01
7.429101e-01 3.823651e-01
3.676169e-01 2.567522e-01
5.298513e-01 2.089326e-01
-5.454863e-01 -3.216316e-01
4.673902e-01 -2.208808e-01
2.633488e-01 -5.685157e-01
4.798621e-01 7.260310e-01
7.617495e-01 5.619317e-01
-4.356923e-01 -7.610544e-01
6.902852e-01 -4.486014e-01
3.220385e-01 4.522776e-01
-2.712954e-01 -4.786170e-01
-7.889863e-01 -5.295859e-01
5.225340e-01 -7.222961e-01
6.940619e-01 -8.346779e-01
3.073675e-01 8.359404e-01
-7.088697e-01 -1.768182e-01
8.358426e-01 -2.909429e-01
-1.590080e-01 -3.057535e-01
1.758794e-01 2.863947e-01
1.555820e-01 7.227761e-01
-1.325802e-01 -7.269553e-01
8.462224e-01 -7.217897e-01
2.692015e-01 -8.552459e-01
-7.058276e-01 -8.681288e-01
1.524877e-01 -2.754222e-01
-8.672477e-01 -2.849499e-01
-2.717791e-01 -1.540067e-01
2.837771e-01 1.275966e-01
7.265431e-01 8.619429e-01
7.299857e-01 -1.418422e-01
8.692474e-01 2.884763e-01
-2.577171e-01 -8.375108e-01
8.370913e-01 7.368434e-01
1.570925e-01 -7.077151e-01
7.171934e-01 1.905830e-01
3.138416e-01 -1.732352e-01
-8.041974e-01 -7.161686e-01
4.121916e-01 -8.338666e-01
5.882273e-01 8.372931e-01
-1.601156e-01 -5.875059e-01
1.844432e-01 5.779860e-01
-4.197188e-01 -1.837824e-01
8.202284e-01 -5.764512e-01
-6.535420e-01 -4.633893e-01
-5.315712e-01 -6.363425e-01
6.373083e-01 4.664171e-01
3.447150e-01 -4.453398e-01
5.553966e-01 -3.157188e-01
4.637992e-01 3.445737e-01
5.801948e-01 5.848667e-01
4.228431e-01 -5.778357e-01
-4.228608e-01 -4.380322e-01
1.936864e-01 -4.264370e-01
4.391327e-01 5.750700e-01
-4.130377e-01 -5.790727e-01
5.845301e-01 -1.782507e-01
5.656940e-01 -5.691159e-01
-5.516022e-01 -8.741509e-01
4.357673e-01 1.188250e-01
-8.793390e-01 -4.360037e-01
8.747401e-01 4.463124e-01
5.987979e-01 3.422652e-01
4.101279e-01 -3.219983e-01
-6.553986e-01 -5.980590e-01
-5.346379e-01 -1.357371e-01
1.357645e-01 4.636602e-01
4.746580e-01 8.800149e-01
4.731158e-01 -1.144943e-01
1.224628e-01 -5.406009e-01
8.698278e-01 -4.635002e-01
-1.180124e-01 -4.738072e-01
5.261951e-01 -8.785075e-01
9.000000e-01 0.000000e+00
0.000000e+00 -1.000000e-01
1.000000e-01 0.000000e+00
0.000000e+00 -9.000000e-01
EndVertexData
